[NSGA3] mutation_prob = 1/D = 1/600 = 0.001667
[NSGA3] 100 clients | 5 periods | 6 vehicles | 500 genes | pop=200 gen=300 | runs=1

[NSGA3] === Run 1/1  seed=42 ===
==========================================================================================
n_gen  |  n_eval  | n_nds  |     cv_min    |     cv_avg    |      eps      |   indicator  
==========================================================================================
     1 |      200 |      6 |  0.000000E+00 |  7.2987261181 |             - |             -
     2 |      400 |      7 |  0.000000E+00 |  0.0500000000 |  0.1283696709 |         nadir
     3 |      600 |      5 |  0.000000E+00 |  0.000000E+00 |  0.3057630335 |         nadir
     4 |      800 |      6 |  0.000000E+00 |  0.000000E+00 |  0.2307692308 |         ideal
     5 |     1000 |      7 |  0.000000E+00 |  0.000000E+00 |  0.2727272727 |         ideal
     6 |     1200 |      9 |  0.000000E+00 |  0.000000E+00 |  0.3848199395 |         nadir
     7 |     1400 |      9 |  0.000000E+00 |  0.000000E+00 |  0.2849792616 |         ideal
     8 |     1600 |     12 |  0.000000E+00 |  0.000000E+00 |  0.2485934624 |         nadir
     9 |     1800 |     14 |  0.000000E+00 |  0.000000E+00 |  0.0139860140 |         ideal
    10 |     2000 |     13 |  0.000000E+00 |  0.000000E+00 |  0.000000E+00 |             f
    11 |     2200 |     10 |  0.000000E+00 |  0.000000E+00 |  0.0133333333 |         ideal
    12 |     2400 |     12 |  0.000000E+00 |  0.000000E+00 |  0.0491929673 |             f
    13 |     2600 |      8 |  0.000000E+00 |  0.000000E+00 |  0.3651643729 |         nadir
    14 |     2800 |      9 |  0.000000E+00 |  0.000000E+00 |  0.0442539029 |             f
    15 |     3000 |     10 |  0.000000E+00 |  0.000000E+00 |  0.1242236025 |         ideal
    16 |     3200 |     10 |  0.000000E+00 |  0.000000E+00 |  0.000000E+00 |             f
    17 |     3400 |     11 |  0.000000E+00 |  0.000000E+00 |  0.1311348873 |         ideal
    18 |     3600 |      7 |  0.000000E+00 |  0.000000E+00 |  0.0733333333 |         ideal
    19 |     3800 |     12 |  0.000000E+00 |  0.000000E+00 |  0.1573033708 |         ideal
    20 |     4000 |     13 |  0.000000E+00 |  0.000000E+00 |  0.9825280294 |         nadir
    21 |     4200 |     17 |  0.000000E+00 |  0.000000E+00 |  0.2915817286 |         ideal
    22 |     4400 |     17 |  0.000000E+00 |  0.000000E+00 |  0.0152284264 |         ideal
    23 |     4600 |     11 |  0.000000E+00 |  0.000000E+00 |  0.2712597602 |         nadir
    24 |     4800 |     12 |  0.000000E+00 |  0.000000E+00 |  0.0247524752 |         ideal
    25 |     5000 |     12 |  0.000000E+00 |  0.000000E+00 |  0.0982893538 |         nadir
    26 |     5200 |     17 |  0.000000E+00 |  0.000000E+00 |  0.0282355737 |         ideal
    27 |     5400 |     18 |  0.000000E+00 |  0.000000E+00 |  0.0707547170 |         ideal
    28 |     5600 |     15 |  0.000000E+00 |  0.000000E+00 |  0.1699936466 |         nadir
    29 |     5800 |     15 |  0.000000E+00 |  0.000000E+00 |  0.0715778552 |         ideal
    30 |     6000 |      3 |  0.000000E+00 |  0.000000E+00 |  0.1512079567 |         ideal
    31 |     6200 |      3 |  0.000000E+00 |  0.000000E+00 |  0.0915409069 |         ideal
    32 |     6400 |      3 |  0.000000E+00 |  0.000000E+00 |  0.1666666667 |         ideal
    33 |     6600 |      4 |  0.000000E+00 |  0.000000E+00 |  0.0920283096 |         ideal
    34 |     6800 |      4 |  0.000000E+00 |  0.000000E+00 |  0.000000E+00 |             f
    35 |     7000 |      5 |  0.000000E+00 |  0.000000E+00 |  0.6104746874 |         ideal
    36 |     7200 |      5 |  0.000000E+00 |  0.000000E+00 |  0.000000E+00 |             f
    37 |     7400 |      5 |  0.000000E+00 |  0.000000E+00 |  0.000000E+00 |             f
    38 |     7600 |      5 |  0.000000E+00 |  0.000000E+00 |  0.000000E+00 |             f
    39 |     7800 |      7 |  0.000000E+00 |  0.000000E+00 |  0.2994470972 |         ideal
    40 |     8000 |      7 |  0.000000E+00 |  0.000000E+00 |  0.000000E+00 |             f
    41 |     8200 |      8 |  0.000000E+00 |  0.000000E+00 |  0.0385494319 |             f
    42 |     8400 |      6 |  0.000000E+00 |  0.000000E+00 |  0.5269050425 |         ideal
    43 |     8600 |      7 |  0.000000E+00 |  0.000000E+00 |  0.2772277228 |         nadir
    44 |     8800 |      7 |  0.000000E+00 |  0.000000E+00 |  0.000000E+00 |             f
    45 |     9000 |      8 |  0.000000E+00 |  0.000000E+00 |  0.0273522839 |             f
    46 |     9200 |      8 |  0.000000E+00 |  0.000000E+00 |  0.2142330358 |         ideal
    47 |     9400 |      9 |  0.000000E+00 |  0.000000E+00 |  0.4236657196 |         nadir
    48 |     9600 |      8 |  0.000000E+00 |  0.000000E+00 |  0.3819755992 |         ideal
    49 |     9800 |      7 |  0.000000E+00 |  0.000000E+00 |  0.0483968894 |         nadir
    50 |    10000 |      8 |  0.000000E+00 |  0.000000E+00 |  0.0215887507 |             f
    51 |    10200 |      9 |  0.000000E+00 |  0.000000E+00 |  0.1250000000 |         ideal
    52 |    10400 |      7 |  0.000000E+00 |  0.000000E+00 |  0.1272727273 |         ideal
    53 |    10600 |      9 |  0.000000E+00 |  0.000000E+00 |  0.0756302521 |         ideal
    54 |    10800 |     11 |  0.000000E+00 |  0.000000E+00 |  0.0952362709 |         nadir
    55 |    11000 |     14 |  0.000000E+00 |  0.000000E+00 |  0.3703703704 |         nadir
    56 |    11200 |     14 |  0.000000E+00 |  0.000000E+00 |  0.1229037770 |         ideal
    57 |    11400 |     16 |  0.000000E+00 |  0.000000E+00 |  0.1094517442 |         ideal
    58 |    11600 |     14 |  0.000000E+00 |  0.000000E+00 |  0.1454545455 |         nadir
    59 |    11800 |     15 |  0.000000E+00 |  0.000000E+00 |  0.0087439444 |             f
    60 |    12000 |     15 |  0.000000E+00 |  0.000000E+00 |  0.000000E+00 |             f
    61 |    12200 |     16 |  0.000000E+00 |  0.000000E+00 |  0.0390055703 |             f
    62 |    12400 |     17 |  0.000000E+00 |  0.000000E+00 |  0.1198253072 |         ideal
    63 |    12600 |     17 |  0.000000E+00 |  0.000000E+00 |  0.0108186955 |             f
    64 |    12800 |     13 |  0.000000E+00 |  0.000000E+00 |  0.3894066737 |         nadir
    65 |    13000 |     12 |  0.000000E+00 |  0.000000E+00 |  0.2190140888 |         ideal
    66 |    13200 |     12 |  0.000000E+00 |  0.000000E+00 |  0.0504943709 |             f
    67 |    13400 |     12 |  0.000000E+00 |  0.000000E+00 |  0.000000E+00 |             f
    68 |    13600 |     13 |  0.000000E+00 |  0.000000E+00 |  0.0128325582 |         ideal
    69 |    13800 |     12 |  0.000000E+00 |  0.000000E+00 |  0.2249548601 |         ideal
    70 |    14000 |     13 |  0.000000E+00 |  0.000000E+00 |  0.0232850813 |             f
    71 |    14200 |     13 |  0.000000E+00 |  0.000000E+00 |  0.0153434281 |             f
    72 |    14400 |     13 |  0.000000E+00 |  0.000000E+00 |  0.1668109932 |         ideal
    73 |    14600 |     14 |  0.000000E+00 |  0.000000E+00 |  0.0157260862 |             f
    74 |    14800 |     10 |  0.000000E+00 |  0.000000E+00 |  0.0603448276 |         ideal
    75 |    15000 |     10 |  0.000000E+00 |  0.000000E+00 |  0.1228545170 |         ideal
    76 |    15200 |     14 |  0.000000E+00 |  0.000000E+00 |  0.1371594365 |         ideal
    77 |    15400 |     16 |  0.000000E+00 |  0.000000E+00 |  0.0167310932 |             f
    78 |    15600 |     11 |  0.000000E+00 |  0.000000E+00 |  0.1164193707 |         ideal
    79 |    15800 |     13 |  0.000000E+00 |  0.000000E+00 |  0.0401231251 |             f
    80 |    16000 |      6 |  0.000000E+00 |  0.000000E+00 |  0.0788022107 |         ideal
    81 |    16200 |      8 |  0.000000E+00 |  0.000000E+00 |  0.1620101028 |         ideal
    82 |    16400 |      9 |  0.000000E+00 |  0.000000E+00 |  0.0983606557 |         ideal
    83 |    16600 |     10 |  0.000000E+00 |  0.000000E+00 |  0.1145495616 |         ideal
    84 |    16800 |     10 |  0.000000E+00 |  0.000000E+00 |  0.000000E+00 |             f
    85 |    17000 |     11 |  0.000000E+00 |  0.000000E+00 |  0.0709115371 |         nadir
    86 |    17200 |     10 |  0.000000E+00 |  0.000000E+00 |  0.000000E+00 |             f
    87 |    17400 |     10 |  0.000000E+00 |  0.000000E+00 |  0.000000E+00 |             f
    88 |    17600 |      7 |  0.000000E+00 |  0.000000E+00 |  0.0291970803 |         ideal
    89 |    17800 |      6 |  0.000000E+00 |  0.000000E+00 |  0.000000E+00 |             f
    90 |    18000 |      8 |  0.000000E+00 |  0.000000E+00 |  0.0918605278 |             f
    91 |    18200 |      9 |  0.000000E+00 |  0.000000E+00 |  0.0347880836 |             f
    92 |    18400 |      9 |  0.000000E+00 |  0.000000E+00 |  0.0256312170 |             f
    93 |    18600 |      7 |  0.000000E+00 |  0.000000E+00 |  0.0903168522 |             f
    94 |    18800 |     13 |  0.000000E+00 |  0.000000E+00 |  0.1403645872 |         ideal
    95 |    19000 |     16 |  0.000000E+00 |  0.000000E+00 |  0.0356843037 |             f
    96 |    19200 |     15 |  0.000000E+00 |  0.000000E+00 |  0.2600000000 |         nadir
    97 |    19400 |     11 |  0.000000E+00 |  0.000000E+00 |  0.0153288856 |         ideal
    98 |    19600 |     11 |  0.000000E+00 |  0.000000E+00 |  0.000000E+00 |             f
    99 |    19800 |     10 |  0.000000E+00 |  0.000000E+00 |  0.0354743377 |             f
   100 |    20000 |     13 |  0.000000E+00 |  0.000000E+00 |  0.0627306227 |         ideal
   101 |    20200 |     15 |  0.000000E+00 |  0.000000E+00 |  0.0376734642 |             f
   102 |    20400 |     11 |  0.000000E+00 |  0.000000E+00 |  0.0492520310 |         ideal
   103 |    20600 |     11 |  0.000000E+00 |  0.000000E+00 |  0.000000E+00 |             f
   104 |    20800 |      9 |  0.000000E+00 |  0.000000E+00 |  0.1724655308 |         ideal
   105 |    21000 |     10 |  0.000000E+00 |  0.000000E+00 |  0.0037283098 |             f
   106 |    21200 |     12 |  0.000000E+00 |  0.000000E+00 |  0.0754416197 |             f
   107 |    21400 |     15 |  0.000000E+00 |  0.000000E+00 |  0.0734017795 |         ideal
   108 |    21600 |     13 |  0.000000E+00 |  0.000000E+00 |  0.0153054935 |             f
   109 |    21800 |     15 |  0.000000E+00 |  0.000000E+00 |  0.0141056591 |         ideal
   110 |    22000 |     15 |  0.000000E+00 |  0.000000E+00 |  0.0184285871 |             f
   111 |    22200 |     15 |  0.000000E+00 |  0.000000E+00 |  0.1876775916 |         nadir
   112 |    22400 |     13 |  0.000000E+00 |  0.000000E+00 |  0.0111634788 |             f
   113 |    22600 |     12 |  0.000000E+00 |  0.000000E+00 |  0.0774673493 |         ideal
   114 |    22800 |     11 |  0.000000E+00 |  0.000000E+00 |  0.0096695790 |             f
   115 |    23000 |     12 |  0.000000E+00 |  0.000000E+00 |  0.4873362135 |         nadir
   116 |    23200 |     11 |  0.000000E+00 |  0.000000E+00 |  0.0865081072 |         ideal
   117 |    23400 |     12 |  0.000000E+00 |  0.000000E+00 |  0.1743633741 |         ideal
   118 |    23600 |     13 |  0.000000E+00 |  0.000000E+00 |  0.1297709924 |         ideal
   119 |    23800 |     13 |  0.000000E+00 |  0.000000E+00 |  0.1062568965 |         ideal
   120 |    24000 |     13 |  0.000000E+00 |  0.000000E+00 |  0.1621621622 |         ideal
   121 |    24200 |     13 |  0.000000E+00 |  0.000000E+00 |  0.0131462308 |             f
   122 |    24400 |     13 |  0.000000E+00 |  0.000000E+00 |  0.0552666320 |         nadir
   123 |    24600 |     14 |  0.000000E+00 |  0.000000E+00 |  0.0236181521 |         ideal
   124 |    24800 |     15 |  0.000000E+00 |  0.000000E+00 |  0.0274166027 |             f
   125 |    25000 |     16 |  0.000000E+00 |  0.000000E+00 |  0.0429417786 |         ideal
   126 |    25200 |     17 |  0.000000E+00 |  0.000000E+00 |  0.2183098592 |         ideal
   127 |    25400 |     17 |  0.000000E+00 |  0.000000E+00 |  0.2136752137 |         nadir
   128 |    25600 |     17 |  0.000000E+00 |  0.000000E+00 |  0.0365936912 |         ideal
   129 |    25800 |     15 |  0.000000E+00 |  0.000000E+00 |  0.0248701076 |         ideal
   130 |    26000 |     14 |  0.000000E+00 |  0.000000E+00 |  0.3880317743 |         nadir
   131 |    26200 |     18 |  0.000000E+00 |  0.000000E+00 |  0.0529357525 |         ideal
   132 |    26400 |     15 |  0.000000E+00 |  0.000000E+00 |  0.0047121862 |         ideal
   133 |    26600 |     16 |  0.000000E+00 |  0.000000E+00 |  0.1386138614 |         ideal
   134 |    26800 |     15 |  0.000000E+00 |  0.000000E+00 |  0.1367521368 |         ideal
   135 |    27000 |     15 |  0.000000E+00 |  0.000000E+00 |  0.0638811958 |             f
   136 |    27200 |     16 |  0.000000E+00 |  0.000000E+00 |  0.0250000000 |         nadir
   137 |    27400 |     16 |  0.000000E+00 |  0.000000E+00 |  0.000000E+00 |             f
   138 |    27600 |     18 |  0.000000E+00 |  0.000000E+00 |  0.1009174312 |         nadir
   139 |    27800 |     14 |  0.000000E+00 |  0.000000E+00 |  0.1257319500 |         ideal
   140 |    28000 |     15 |  0.000000E+00 |  0.000000E+00 |  0.1833520087 |         ideal
   141 |    28200 |     17 |  0.000000E+00 |  0.000000E+00 |  0.0936852021 |         ideal
   142 |    28400 |     15 |  0.000000E+00 |  0.000000E+00 |  0.0402760430 |         ideal
   143 |    28600 |     15 |  0.000000E+00 |  0.000000E+00 |  0.0287547727 |         nadir
   144 |    28800 |     16 |  0.000000E+00 |  0.000000E+00 |  0.1473639821 |         nadir
   145 |    29000 |     19 |  0.000000E+00 |  0.000000E+00 |  0.0335570470 |         ideal
   146 |    29200 |     20 |  0.000000E+00 |  0.000000E+00 |  0.0078415578 |             f
   147 |    29400 |     22 |  0.000000E+00 |  0.000000E+00 |  0.0176813810 |             f
   148 |    29600 |     24 |  0.000000E+00 |  0.000000E+00 |  0.0189894632 |             f
   149 |    29800 |     24 |  0.000000E+00 |  0.000000E+00 |  0.0638235216 |         nadir
   150 |    30000 |     22 |  0.000000E+00 |  0.000000E+00 |  0.0086570607 |             f
   151 |    30200 |     23 |  0.000000E+00 |  0.000000E+00 |  0.0153850437 |             f
   152 |    30400 |     24 |  0.000000E+00 |  0.000000E+00 |  0.0146511399 |         nadir
   153 |    30600 |     24 |  0.000000E+00 |  0.000000E+00 |  0.0119979687 |         ideal
   154 |    30800 |     22 |  0.000000E+00 |  0.000000E+00 |  0.0222375719 |         ideal
   155 |    31000 |     20 |  0.000000E+00 |  0.000000E+00 |  0.0444596179 |         ideal
   156 |    31200 |     23 |  0.000000E+00 |  0.000000E+00 |  0.0300722641 |         nadir
   157 |    31400 |     20 |  0.000000E+00 |  0.000000E+00 |  0.0109695602 |         ideal
   158 |    31600 |     21 |  0.000000E+00 |  0.000000E+00 |  0.0172907450 |             f
   159 |    31800 |     18 |  0.000000E+00 |  0.000000E+00 |  0.0523340755 |         ideal
   160 |    32000 |     18 |  0.000000E+00 |  0.000000E+00 |  0.0046367620 |             f
   161 |    32200 |     14 |  0.000000E+00 |  0.000000E+00 |  0.0347222222 |         ideal
   162 |    32400 |     15 |  0.000000E+00 |  0.000000E+00 |  0.0125649589 |             f
   163 |    32600 |     16 |  0.000000E+00 |  0.000000E+00 |  0.0038302354 |             f
   164 |    32800 |     17 |  0.000000E+00 |  0.000000E+00 |  0.0204081633 |         ideal
   165 |    33000 |     18 |  0.000000E+00 |  0.000000E+00 |  0.0056417851 |         ideal
   166 |    33200 |     21 |  0.000000E+00 |  0.000000E+00 |  0.0029560693 |         ideal
   167 |    33400 |     19 |  0.000000E+00 |  0.000000E+00 |  0.0046952044 |         ideal
   168 |    33600 |     18 |  0.000000E+00 |  0.000000E+00 |  0.000000E+00 |             f
   169 |    33800 |     12 |  0.000000E+00 |  0.000000E+00 |  0.1208720694 |         ideal
   170 |    34000 |     13 |  0.000000E+00 |  0.000000E+00 |  0.0094339623 |         ideal
   171 |    34200 |     13 |  0.000000E+00 |  0.000000E+00 |  0.0067561412 |         ideal
   172 |    34400 |     18 |  0.000000E+00 |  0.000000E+00 |  0.0488300287 |         ideal
   173 |    34600 |     19 |  0.000000E+00 |  0.000000E+00 |  0.0078773175 |             f
   174 |    34800 |     20 |  0.000000E+00 |  0.000000E+00 |  0.0238194938 |         nadir
   175 |    35000 |     20 |  0.000000E+00 |  0.000000E+00 |  0.0483003501 |         nadir
   176 |    35200 |     23 |  0.000000E+00 |  0.000000E+00 |  0.1463414634 |         nadir
   177 |    35400 |     20 |  0.000000E+00 |  0.000000E+00 |  0.0238194938 |         nadir
   178 |    35600 |     19 |  0.000000E+00 |  0.000000E+00 |  0.0194569444 |         ideal
   179 |    35800 |     19 |  0.000000E+00 |  0.000000E+00 |  0.0066552062 |         ideal
   180 |    36000 |     19 |  0.000000E+00 |  0.000000E+00 |  0.0215187655 |             f
   181 |    36200 |     11 |  0.000000E+00 |  0.000000E+00 |  0.3291139241 |         nadir
   182 |    36400 |     11 |  0.000000E+00 |  0.000000E+00 |  0.0224653068 |             f
   183 |    36600 |     15 |  0.000000E+00 |  0.000000E+00 |  0.0980392157 |         ideal
   184 |    36800 |     13 |  0.000000E+00 |  0.000000E+00 |  0.1274163538 |         ideal
   185 |    37000 |     13 |  0.000000E+00 |  0.000000E+00 |  0.0087461869 |         ideal
   186 |    37200 |     11 |  0.000000E+00 |  0.000000E+00 |  0.1208791209 |         ideal
   187 |    37400 |     13 |  0.000000E+00 |  0.000000E+00 |  0.0240735789 |             f
   188 |    37600 |     13 |  0.000000E+00 |  0.000000E+00 |  0.000000E+00 |             f
   189 |    37800 |     12 |  0.000000E+00 |  0.000000E+00 |  0.1078431373 |         ideal
   190 |    38000 |     12 |  0.000000E+00 |  0.000000E+00 |  0.0048500619 |             f
   191 |    38200 |     11 |  0.000000E+00 |  0.000000E+00 |  0.000000E+00 |             f
   192 |    38400 |     14 |  0.000000E+00 |  0.000000E+00 |  0.0970873786 |         ideal
   193 |    38600 |     17 |  0.000000E+00 |  0.000000E+00 |  0.0283018868 |         ideal
   194 |    38800 |     14 |  0.000000E+00 |  0.000000E+00 |  0.0120206535 |             f
   195 |    39000 |     15 |  0.000000E+00 |  0.000000E+00 |  0.0124280560 |             f
   196 |    39200 |     14 |  0.000000E+00 |  0.000000E+00 |  0.0136587316 |             f
   197 |    39400 |     15 |  0.000000E+00 |  0.000000E+00 |  0.1313655452 |         ideal
   198 |    39600 |     16 |  0.000000E+00 |  0.000000E+00 |  0.0192307692 |         ideal
   199 |    39800 |     12 |  0.000000E+00 |  0.000000E+00 |  0.0686936389 |         ideal
   200 |    40000 |     16 |  0.000000E+00 |  0.000000E+00 |  0.1525423729 |         ideal
   201 |    40200 |     17 |  0.000000E+00 |  0.000000E+00 |  0.1213496222 |         ideal
   202 |    40400 |     15 |  0.000000E+00 |  0.000000E+00 |  0.2093023256 |         ideal
   203 |    40600 |     13 |  0.000000E+00 |  0.000000E+00 |  0.2456140351 |         ideal
   204 |    40800 |     14 |  0.000000E+00 |  0.000000E+00 |  0.0190584555 |         ideal
   205 |    41000 |     16 |  0.000000E+00 |  0.000000E+00 |  0.0172413793 |         nadir
   206 |    41200 |     16 |  0.000000E+00 |  0.000000E+00 |  0.0187020238 |         ideal
   207 |    41400 |     20 |  0.000000E+00 |  0.000000E+00 |  0.0377966952 |         ideal
   208 |    41600 |     12 |  0.000000E+00 |  0.000000E+00 |  0.0411934140 |         ideal
   209 |    41800 |     14 |  0.000000E+00 |  0.000000E+00 |  0.0360569816 |         nadir
   210 |    42000 |     12 |  0.000000E+00 |  0.000000E+00 |  0.0094716579 |             f
   211 |    42200 |     16 |  0.000000E+00 |  0.000000E+00 |  0.0714285714 |         nadir
   212 |    42400 |     12 |  0.000000E+00 |  0.000000E+00 |  0.0203549680 |         ideal
   213 |    42600 |     14 |  0.000000E+00 |  0.000000E+00 |  0.0656174356 |         ideal
   214 |    42800 |     13 |  0.000000E+00 |  0.000000E+00 |  0.0486747284 |         nadir
   215 |    43000 |     10 |  0.000000E+00 |  0.000000E+00 |  0.0875433072 |         ideal
   216 |    43200 |     12 |  0.000000E+00 |  0.000000E+00 |  0.1310659648 |         ideal
   217 |    43400 |     13 |  0.000000E+00 |  0.000000E+00 |  0.1031447805 |         ideal
   218 |    43600 |     12 |  0.000000E+00 |  0.000000E+00 |  0.0705724820 |             f
   219 |    43800 |     15 |  0.000000E+00 |  0.000000E+00 |  0.1386093505 |         ideal
   220 |    44000 |     14 |  0.000000E+00 |  0.000000E+00 |  0.2888888889 |         ideal
   221 |    44200 |     16 |  0.000000E+00 |  0.000000E+00 |  0.3076923077 |         ideal
   222 |    44400 |     16 |  0.000000E+00 |  0.000000E+00 |  0.0269419098 |             f
   223 |    44600 |     14 |  0.000000E+00 |  0.000000E+00 |  0.1607142857 |         nadir
   224 |    44800 |     13 |  0.000000E+00 |  0.000000E+00 |  0.3616864003 |         nadir
   225 |    45000 |     13 |  0.000000E+00 |  0.000000E+00 |  0.0069002583 |         ideal
   226 |    45200 |     17 |  0.000000E+00 |  0.000000E+00 |  0.0068529710 |         ideal
   227 |    45400 |     14 |  0.000000E+00 |  0.000000E+00 |  0.000000E+00 |             f
   228 |    45600 |     19 |  0.000000E+00 |  0.000000E+00 |  0.0124017085 |         ideal
   229 |    45800 |     19 |  0.000000E+00 |  0.000000E+00 |  0.1726593490 |         ideal
   230 |    46000 |     19 |  0.000000E+00 |  0.000000E+00 |  0.0222289214 |             f
   231 |    46200 |     18 |  0.000000E+00 |  0.000000E+00 |  0.0049913871 |             f
   232 |    46400 |     20 |  0.000000E+00 |  0.000000E+00 |  0.0081623220 |         ideal
   233 |    46600 |     20 |  0.000000E+00 |  0.000000E+00 |  0.0090201050 |             f
   234 |    46800 |     19 |  0.000000E+00 |  0.000000E+00 |  0.0608721490 |         ideal
   235 |    47000 |     19 |  0.000000E+00 |  0.000000E+00 |  0.0231894579 |             f
   236 |    47200 |     20 |  0.000000E+00 |  0.000000E+00 |  0.0142503929 |             f
   237 |    47400 |     18 |  0.000000E+00 |  0.000000E+00 |  0.0116878511 |             f
   238 |    47600 |     19 |  0.000000E+00 |  0.000000E+00 |  0.0111553459 |             f
   239 |    47800 |     20 |  0.000000E+00 |  0.000000E+00 |  0.0186392685 |         nadir
   240 |    48000 |     20 |  0.000000E+00 |  0.000000E+00 |  0.0078125000 |         ideal
   241 |    48200 |     20 |  0.000000E+00 |  0.000000E+00 |  0.0078740157 |         ideal
   242 |    48400 |     19 |  0.000000E+00 |  0.000000E+00 |  0.0191586906 |             f
   243 |    48600 |     18 |  0.000000E+00 |  0.000000E+00 |  0.0078125000 |         ideal
   244 |    48800 |     20 |  0.000000E+00 |  0.000000E+00 |  0.0316868846 |             f
   245 |    49000 |     20 |  0.000000E+00 |  0.000000E+00 |  0.0128856110 |             f
   246 |    49200 |     21 |  0.000000E+00 |  0.000000E+00 |  0.0115237078 |             f
   247 |    49400 |     16 |  0.000000E+00 |  0.000000E+00 |  0.0044931241 |         nadir
   248 |    49600 |     18 |  0.000000E+00 |  0.000000E+00 |  0.0224736874 |             f
   249 |    49800 |     21 |  0.000000E+00 |  0.000000E+00 |  0.0465343426 |             f
   250 |    50000 |     17 |  0.000000E+00 |  0.000000E+00 |  0.0656934307 |         ideal
   251 |    50200 |     15 |  0.000000E+00 |  0.000000E+00 |  0.0039608228 |         nadir
   252 |    50400 |     17 |  0.000000E+00 |  0.000000E+00 |  0.1878030636 |         nadir
   253 |    50600 |     19 |  0.000000E+00 |  0.000000E+00 |  0.1663361087 |         nadir
   254 |    50800 |     21 |  0.000000E+00 |  0.000000E+00 |  0.0385485813 |             f
   255 |    51000 |     22 |  0.000000E+00 |  0.000000E+00 |  0.0159216115 |             f
   256 |    51200 |     19 |  0.000000E+00 |  0.000000E+00 |  0.0556377973 |         nadir
   257 |    51400 |     18 |  0.000000E+00 |  0.000000E+00 |  0.0039693483 |             f
   258 |    51600 |     20 |  0.000000E+00 |  0.000000E+00 |  0.0059840856 |         ideal
   259 |    51800 |     21 |  0.000000E+00 |  0.000000E+00 |  0.0990373278 |         nadir
   260 |    52000 |     22 |  0.000000E+00 |  0.000000E+00 |  0.0089496227 |         nadir
   261 |    52200 |     22 |  0.000000E+00 |  0.000000E+00 |  0.0040295531 |             f
   262 |    52400 |     22 |  0.000000E+00 |  0.000000E+00 |  0.0125376181 |             f
   263 |    52600 |     22 |  0.000000E+00 |  0.000000E+00 |  0.0327332977 |             f
   264 |    52800 |     21 |  0.000000E+00 |  0.000000E+00 |  0.1004147733 |         ideal
   265 |    53000 |     21 |  0.000000E+00 |  0.000000E+00 |  0.0031790356 |             f
   266 |    53200 |     17 |  0.000000E+00 |  0.000000E+00 |  0.3361197252 |         nadir
   267 |    53400 |     18 |  0.000000E+00 |  0.000000E+00 |  0.0404879435 |             f
   268 |    53600 |     19 |  0.000000E+00 |  0.000000E+00 |  0.0274421699 |         ideal
   269 |    53800 |     19 |  0.000000E+00 |  0.000000E+00 |  0.0100948962 |         ideal
   270 |    54000 |     21 |  0.000000E+00 |  0.000000E+00 |  0.0254427875 |             f
   271 |    54200 |     21 |  0.000000E+00 |  0.000000E+00 |  0.0363172590 |             f
   272 |    54400 |     21 |  0.000000E+00 |  0.000000E+00 |  0.0103797751 |             f
   273 |    54600 |     21 |  0.000000E+00 |  0.000000E+00 |  0.0221531295 |             f
   274 |    54800 |     17 |  0.000000E+00 |  0.000000E+00 |  0.4000950262 |         ideal
   275 |    55000 |     17 |  0.000000E+00 |  0.000000E+00 |  0.0214970366 |         ideal
   276 |    55200 |     18 |  0.000000E+00 |  0.000000E+00 |  0.2721079486 |         ideal
   277 |    55400 |     18 |  0.000000E+00 |  0.000000E+00 |  0.0336234603 |             f
   278 |    55600 |     19 |  0.000000E+00 |  0.000000E+00 |  0.0651060439 |         ideal
   279 |    55800 |     18 |  0.000000E+00 |  0.000000E+00 |  0.0172413793 |         ideal
   280 |    56000 |     20 |  0.000000E+00 |  0.000000E+00 |  0.1682971640 |         nadir
   281 |    56200 |     21 |  0.000000E+00 |  0.000000E+00 |  0.2598633558 |         nadir
   282 |    56400 |     20 |  0.000000E+00 |  0.000000E+00 |  0.0359144255 |         ideal
   283 |    56600 |     20 |  0.000000E+00 |  0.000000E+00 |  0.0110729513 |         ideal
   284 |    56800 |     20 |  0.000000E+00 |  0.000000E+00 |  0.0149253731 |         ideal
   285 |    57000 |     20 |  0.000000E+00 |  0.000000E+00 |  0.0101695547 |         ideal
   286 |    57200 |     20 |  0.000000E+00 |  0.000000E+00 |  0.0016123361 |             f
   287 |    57400 |     19 |  0.000000E+00 |  0.000000E+00 |  0.0124218262 |         ideal
   288 |    57600 |     20 |  0.000000E+00 |  0.000000E+00 |  0.0087410212 |             f
   289 |    57800 |     19 |  0.000000E+00 |  0.000000E+00 |  0.0024362425 |             f
   290 |    58000 |     20 |  0.000000E+00 |  0.000000E+00 |  0.0023144304 |             f
   291 |    58200 |     20 |  0.000000E+00 |  0.000000E+00 |  0.0147058824 |         ideal
   292 |    58400 |     22 |  0.000000E+00 |  0.000000E+00 |  0.0303030303 |         ideal
   293 |    58600 |     20 |  0.000000E+00 |  0.000000E+00 |  0.0108722693 |             f
   294 |    58800 |     18 |  0.000000E+00 |  0.000000E+00 |  0.0101486000 |         ideal
   295 |    59000 |     20 |  0.000000E+00 |  0.000000E+00 |  0.0294117647 |         ideal
   296 |    59200 |     20 |  0.000000E+00 |  0.000000E+00 |  0.0069327109 |         ideal
   297 |    59400 |     20 |  0.000000E+00 |  0.000000E+00 |  0.0124284219 |         ideal
   298 |    59600 |     19 |  0.000000E+00 |  0.000000E+00 |  0.0144927536 |         ideal
   299 |    59800 |     20 |  0.000000E+00 |  0.000000E+00 |  0.0141026563 |             f
   300 |    60000 |     19 |  0.000000E+00 |  0.000000E+00 |  0.0328511807 |             f
[NSGA3] Run 1 done in 441.7s | Pareto front: 19 solutions
[NSGA3] Report → C:\Users\Mariem\OneDrive\Bureau\SolverModeling\Project_Irp\Solvers\NSGA3\nsga3_report_100clients.html
